+----------------+----------------+----------------+----------------+----------------+----------------+----------------+----------------+----------------+----------------+----------------+----------------+
|       743      |       787      |       773      |       554      |       269      |       551      |       972      |       328      |       113      |       853      |       842      |       188      | 
|  807 1019  919 |  919 2777  796 |  796 1171  938 |  938 2297  386 |  386 1163  798 |  798 3181  694 |  694 2539  158 |  158 2647  439 |  439 1663  983 |  983 1553  555 |  555 3089  396 |  396 3769  463 | 
|       591      |       872      |        82      |       232      |        40      |       190      |       234      |       451      |       865      |       927      |       652      |        41      | 
+----------------+----------------+----------------+----------------+----------------+----------------+----------------+----------------+----------------+----------------+----------------+----------------+
|       591      |       872      |        82      |       232      |        40      |       190      |       234      |       451      |       865      |       927      |       652      |        41      | 
|  709 2423  670 |  670 2851  363 |  363 2473  501 |  501 3041  401 |  401 3821  172 |  172 1579  211 |  211 3037    6 |    6 1049  687 |  687 1997  817 |  817 3299  984 |  984 2749   32 |   32 1823  989 | 
|       634      |       161      |       639      |       991      |       970      |       295      |      1000      |       199      |       577      |       862      |       322      |       193      | 
+----------------+----------------+----------------+----------------+----------------+----------------+----------------+----------------+----------------+----------------+----------------+----------------+
|       634      |       161      |       639      |       991      |       970      |       295      |      1000      |       199      |       577      |       862      |       322      |       193      | 
|  887 2593   64 |   64 1291  535 |  535 2333  616 |  616 1657  826 |  826 2879  418 |  418 1723  789 |  789 2143  291 |  291 3797  689 |  689 1381  770 |  770 1567  229 |  229 1223   10 |   10 2917  930 | 
|       768      |       153      |       714      |       196      |       356      |       311      |       587      |       907      |       944      |        83      |       932      |       414      | 
+----------------+----------------+----------------+----------------+----------------+----------------+----------------+----------------+----------------+----------------+----------------+----------------+
|       768      |       153      |       714      |       196      |       356      |       311      |       587      |       907      |       944      |        83      |       932      |       414      | 
|  637 2029  303 |  303 1307  712 |  712 1543  338 |  338 1973  133 |  133 3109  202 |  202 1901  809 |  809 3637  856 |  856 3989  756 |  756 1867  455 |  455 1811 1016 | 1016 1447  321 |  321 3361   35 | 
|       559      |      1012      |       428      |        27      |       764      |       419      |       860      |       508      |       425      |       754      |       263      |       897      | 
+----------------+----------------+----------------+----------------+----------------+----------------+----------------+----------------+----------------+----------------+----------------+----------------+
|       559      |      1012      |       428      |        27      |       764      |       419      |       860      |       508      |       425      |       754      |       263      |       897      | 
|  777 2887  650 |  650 2957  106 |  106 3541  406 |  406 1283  663 |  663 1789  177 |  177 3659  947 |  947 1289  128 |  128 2083   56 |   56 2557  718 |  718 2477  238 |  238 2663  662 |  662 2309  749 | 
|       556      |       448      |       224      |       221      |       825      |       847      |       852      |       248      |       326      |        76      |         2      |        37      | 
+----------------+----------------+----------------+----------------+----------------+----------------+----------------+----------------+----------------+----------------+----------------+----------------+
|       556      |       448      |       224      |       221      |       825      |       847      |       852      |       248      |       326      |        76      |         2      |        37      | 
|  572 1511   94 |   94 3527  230 |  230 1753   79 |   79 1483  813 |  813 1847  541 |  541 3257  664 |  664 3643   44 |   44 3671  420 |  420 3697  210 |  210 3079  181 |  181 1733   98 |   98 1327  618 | 
|        54      |       312      |        67      |       525      |       877      |       846      |       100      |       402      |       382      |       487      |       614      |       184      | 
+----------------+----------------+----------------+----------------+----------------+----------------+----------------+----------------+----------------+----------------+----------------+----------------+
|        54      |       312      |        67      |       525      |       877      |       846      |       100      |       402      |       382      |       487      |       614      |       184      | 
|  261 1559  435 |  435 2657  129 |  129 2069  646 |  646 1487  611 |  611 3083  747 |  747 2713   70 |   70 1693  166 |  166 2693  268 |  268 2087  403 |  403 1493  880 |  880 1583  156 |  156 3359   57 | 
|       961      |       945      |       894      |       237      |       893      |       824      |       416      |       490      |       433      |       730      |       400      |        73      | 
+----------------+----------------+----------------+----------------+----------------+----------------+----------------+----------------+----------------+----------------+----------------+----------------+
|       961      |       945      |       894      |       237      |       893      |       824      |       416      |       490      |       433      |       730      |       400      |        73      | 
|  931 1427  661 |  661 3301  537 |  537 2003   71 |   71 3163  781 |  781 3169  820 |  820 2741  165 |  165 1621   42 |   42 2801  160 |  160 2441  792 |  792 2927  370 |  370 2399  374 |  374 1409  608 | 
|       603      |       829      |       597      |      1001      |       762      |       415      |       678      |       358      |       398      |       118      |       480      |       174      | 
+----------------+----------------+----------------+----------------+----------------+----------------+----------------+----------------+----------------+----------------+----------------+----------------+
|       603      |       829      |       597      |      1001      |       762      |       415      |       678      |       358      |       398      |       118      |       480      |       174      | 
|  641 3907  631 |  631 1367  545 |  545 3049  760 |  760 3761  604 |  604 1949  276 |  276 1597  996 |  996 3767   60 |   60 2617  467 |  467 3407  304 |  304 2803  334 |  334 2683  324 |  324 2797  449 | 
|       909      |       859      |       724      |       102      |        86      |       282      |       272      |       219      |       966      |       426      |       452      |       431      | 
+----------------+----------------+----------------+----------------+----------------+----------------+----------------+----------------+----------------+----------------+----------------+----------------+
|       909      |       859      |       724      |       102      |        86      |       282      |       272      |       219      |       966      |       426      |       452      |       431      | 
|  697 1913  569 |  569 3061  720 |  720 2699  478 |  478 1181   93 |   93 3517  362 |  362 2549  201 |  201 1889  395 |  395 1009  703 |  703 3673  360 |  360 3331   58 |   58 1987  364 |  364 2999  621 | 
|       967      |       666      |       220      |       447      |       630      |       497      |       863      |       695      |       896      |       450      |       144      |       135      | 
+----------------+----------------+----------------+----------------+----------------+----------------+----------------+----------------+----------------+----------------+----------------+----------------+
|       967      |       666      |       220      |       447      |       630      |       497      |       863      |       695      |       896      |       450      |       144      |       135      | 
|  659 1061  738 |  738 2551  352 |  352 2843  387 |  387 3119  928 |  928 3121  353 |  353 1039  615 |  615 1213  617 |  617 1499  831 |  831 1783  482 |  482 2017   52 |   52 1861   33 |   33 3923  599 | 
|       690      |       302      |       383      |       698      |       175      |      1005      |       523      |       679      |       902      |       472      |       475      |       553      | 
+----------------+----------------+----------------+----------------+----------------+----------------+----------------+----------------+----------------+----------------+----------------+----------------+
|       690      |       302      |       383      |       698      |       175      |      1005      |       523      |       679      |       902      |       472      |       475      |       553      | 
|  988 3557  340 |  340 3739  474 |  474 2347  940 |  940 3469   88 |   88 2179  657 |  657 1933  912 |  912 3677  827 |  827 1741  840 |  840 3613  430 |  430 2389  393 |  393 3691  766 |  766 1097  757 | 
|       242      |       260      |       182      |       136      |       327      |      1010      |       489      |       674      |       464      |       329      |      1004      |       495      | 
+----------------+----------------+----------------+----------------+----------------+----------------+----------------+----------------+----------------+----------------+----------------+----------------+
